Accuracy: 0.9093294460641399
Precision: 0.9090909090909091
Recall: 0.9096209912536443
Confusion Matrix: [[1560  155]
 [ 156 1559]]
