Accuracy: 0.9026239067055394
Precision: 0.8989023685730791
Recall: 0.9072886297376094
Confusion Matrix: [[1556  159]
 [ 175 1540]]
