Accuracy:  0.9104956268221575
Precision:  0.9078794901506373
Recall:  0.9137026239067055
Confusion Matrix:  [[1567  148]
 [ 159 1556]]