Accuracy: 0.9078717201166181
Precision: 0.9055072463768116
Recall: 0.9107871720116618
Confusion Matrix: [[1562  153]
 [ 163 1552]]
