Accuracy: 0.9017492711370262
Precision: 0.8987268518518519
Recall: 0.9055393586005831
Confusion Matrix: [[1553  162]
 [ 175 1540]]
